$ 4 0.000015625 10.20027730826997 50 5 43 5e-11
v 192 448 192 240 0 0 40 5 0 0 0.5
w 192 448 336 448 0
x 152 350 167 353 4 12 5V
r 336 336 336 448 0 100
162 336 240 336 336 2 default-led 1 0 0 0.01
w 192 240 336 240 0
w 464 240 608 240 0
162 608 240 608 336 2 default-led 1 0 0 0.01
r 608 336 608 448 0 1000
w 464 448 608 448 0
v 464 448 464 240 0 0 40 5 0 0 0.5
v 720 448 720 240 0 0 40 5 0 0 0.5
w 720 448 864 448 0
r 864 336 864 448 0 10000
162 864 240 864 336 2 default-led 1 0 0 0.01
w 720 240 864 240 0
x 217 350 231 353 4 12 Vs
x 304 395 319 398 4 12 R1
x 299 293 315 296 4 12 D1
x 572 292 588 295 4 12 D1
x 577 394 592 397 4 12 R1
x 490 349 504 352 4 12 Vs
x 425 349 440 352 4 12 5V
x 824 292 840 295 4 12 D1
x 829 394 844 397 4 12 R1
x 742 349 756 352 4 12 Vs
x 677 349 692 352 4 12 5V
