$ 4 0.000015625 10.20027730826997 50 5 43 5e-11
v 160 384 160 272 0 0 40 5 0 0 0.5
w 160 384 272 384 0
x 121 331 136 334 4 12 5V
r 272 272 272 384 0 100
r 496 272 496 384 0 1000
w 384 384 496 384 0
v 384 384 384 272 0 0 40 5 0 0 0.5
v 592 384 592 272 0 0 40 5 0 0 0.5
w 592 384 704 384 0
r 704 272 704 384 0 10000
370 160 272 272 272 1 0 0
370 384 272 496 272 1 0 0
370 592 272 704 272 1 0 0
x 184 333 198 336 4 12 Vs
x 241 335 256 338 4 12 R1
x 464 335 479 338 4 12 R1
x 407 333 421 336 4 12 Vs
x 344 331 359 334 4 12 5V
x 676 337 691 340 4 12 R1
x 619 335 633 338 4 12 Vs
x 556 333 571 336 4 12 5V
