$ 4 0.000015625 10.20027730826997 50 5 43 5e-11
v 160 416 160 224 0 0 40 5 0 0 0.5
r 336 224 336 288 0 200
r 336 320 336 384 0 300
w 160 416 336 416 0
w 336 288 336 320 0
w 160 176 336 176 0
w 560 176 736 176 0
p 816 320 816 384 1 0 0
w 736 320 816 320 0
w 736 384 816 384 0
w 736 288 816 288 0
w 736 224 816 224 0
p 816 224 816 288 1 0 0
w 736 384 736 416 0
w 736 176 736 224 0
w 736 288 736 320 0
w 560 416 736 416 0
r 736 320 736 384 0 300
r 736 224 736 288 0 200
v 560 416 560 176 0 0 40 5 0 0 0.5
370 336 176 336 224 1 0 0
370 336 384 336 416 1 0 0
w 160 -208 336 -208 0
w 336 -96 336 -64 0
w 160 32 336 32 0
r 336 -64 336 0 0 300
r 336 -160 336 -96 0 200
x 114 -84 129 -81 4 12 5V
v 160 32 160 -208 0 0 40 5 0 0 0.5
w 336 -208 336 -160 0
w 336 0 336 32 0
370 160 224 160 176 1 0 0
p 896 176 896 416 1 0 0
w 736 176 896 176 0
w 736 416 896 416 0
x 184 -84 198 -81 4 12 Vs
x 301 -121 316 -118 4 12 R1
x 302 -28 317 -25 4 12 R2
x 304 351 319 354 4 12 R2
x 303 258 318 261 4 12 R1
x 185 325 199 328 4 12 Vs
x 115 325 130 328 4 12 5V
x 517 298 532 301 4 12 5V
x 587 298 601 301 4 12 Vs
x 700 260 715 263 4 12 R1
x 701 353 716 356 4 12 R2
