$ 4 0.000015625 10.20027730826997 50 5 43 5e-11
v 160 416 160 272 0 0 40 5 0 0 0.5
w 160 416 336 416 0
w 160 272 336 272 0
r 336 304 336 384 0 1000
w 336 272 432 272 0
r 432 304 432 384 0 2000
w 336 416 432 416 0
p 272 304 272 384 1 0 0
w 272 304 336 304 0
w 272 384 336 384 0
w 336 304 336 272 0
w 336 384 336 416 0
w 432 272 432 304 0
w 432 384 432 416 0
w 432 384 496 384 0
w 432 304 496 304 0
p 496 304 496 384 1 0 0
w 432 144 432 176 0
w 432 32 432 64 0
w 336 144 336 176 0
w 336 64 336 32 0
w 336 176 432 176 0
r 432 64 432 144 0 2000
w 336 32 432 32 0
r 336 64 336 144 0 1000
w 160 32 336 32 0
w 160 176 336 176 0
x 119 109 134 112 4 12 5V
v 160 176 160 32 0 0 40 5 0 0 0.5
v 688 432 688 240 0 0 40 5 0 0 0.5
w 688 432 864 432 0
r 864 320 864 400 0 1000
w 864 240 960 240 0
r 960 320 960 400 0 2000
w 864 432 960 432 0
w 864 400 864 432 0
w 960 400 960 432 0
370 688 240 864 240 1 0 0
370 864 240 864 320 1 0 0
370 960 240 960 320 1 0 0
x 185 109 199 112 4 12 Vs
x 307 109 322 112 4 12 R1
x 399 110 414 113 4 12 R2
x 400 350 415 353 4 12 R2
x 308 349 323 352 4 12 R1
x 186 349 200 352 4 12 Vs
x 120 349 135 352 4 12 5V
x 926 366 941 369 4 12 R2
x 834 365 849 368 4 12 R1
x 713 340 727 343 4 12 Vs
x 647 340 662 343 4 12 5V
