$ 5 0.000015625 10.20027730826997 50 5 43 5e-11
v 192 448 192 240 0 0 40 5 0 0 0.5
w 192 448 336 448 0
x 137 353 168 356 4 24 5V
r 336 336 336 448 0 100
162 336 240 336 336 2 default-led 1 0 0 0.01
w 192 240 336 240 0
w 464 240 608 240 0
162 608 240 608 336 2 default-led 1 0 0 0.01
r 608 336 608 448 0 1000
x 408 352 439 355 4 24 5V
w 464 448 608 448 0
v 464 448 464 240 0 0 40 5 0 0 0.5
v 720 448 720 240 0 0 40 5 0 0 0.5
w 720 448 864 448 0
x 664 352 695 355 4 24 5V
r 864 336 864 448 0 10000
162 864 240 864 336 2 default-led 1 0 0 0.01
w 720 240 864 240 0
