$ 5 0.000015625 10.20027730826997 50 5 43 5e-11
v 160 416 160 176 0 0 40 5 0 0 0.5
x 105 353 136 356 4 24 5V
r 336 224 336 288 0 200
r 336 320 336 384 0 300
w 160 416 336 416 0
w 336 288 336 320 0
w 160 176 336 176 0
w 560 176 736 176 0
p 816 320 816 384 1 0 0
w 736 320 816 320 0
w 736 384 816 384 0
w 736 288 816 288 0
w 736 224 816 224 0
p 816 224 816 288 1 0 0
w 736 384 736 416 0
w 736 176 736 224 0
w 736 288 736 320 0
w 560 416 736 416 0
r 736 320 736 384 0 300
r 736 224 736 288 0 200
x 505 353 536 356 4 24 5V
v 560 416 560 176 0 0 40 5 0 0 0.5
370 336 176 336 224 1 0 0
370 336 384 336 416 1 0 0
x 138 138 381 141 4 12 Series\sresistors\shave\sthe\ssame\scurrent...
x 565 121 770 124 4 12 ...but\shave\sdifferent\svoltage\sdrops
x 523 158 785 161 4 12 (unless\sthe\sresistance\svalues\sare\sthe\ssame)
