$ 1 0.000005 10.20027730826997 58 5 43 5e-11
t 592 240 640 240 0 1 -4.47106532541485 0.249999829130813 100 default
v 352 336 352 144 0 0 40 5 0 0 0.5
w 352 336 448 336 0
w 448 144 640 144 0
w 352 144 448 144 0
174 448 192 496 288 1 10000 0.9950000000000001 Resistance
w 448 336 560 336 0
370 640 336 560 336 1 0 0
370 496 240 592 240 1 0 3
r 448 192 448 144 0 10000
162 640 144 640 224 2 default-led 1 0 0 0.01
r 448 336 448 288 0 1000
r 640 336 640 256 0 100
o 8 64 3 x81013 0.0001 0.0033438872481623807 0 1 0.00025 -96
o 7 64 3 x81013 0.0000762939453125 0.0125 1 1 0.00025 -96
