$ 1 0.000005 10.20027730826997 58 5 43 5e-11
t 592 240 640 240 0 1 -2.598613169142411 0.6099277007718085 100 default
v 352 336 352 144 0 0 40 5 0 0 0.5
w 352 336 400 336 0
w 400 144 640 144 0
w 352 144 400 144 0
w 400 336 560 336 0
370 640 336 560 336 1 0 0
370 496 240 592 240 1 0 3
162 640 144 640 224 2 default-led 1 0 0 0.01
r 640 336 640 256 0 100
374 400 224 400 144 0 0.6238 Light\sBrightness
174 400 224 448 272 1 10000 0.1337 Resistance
w 448 256 496 240 0
w 400 288 400 336 0
o 7 64 3 x81013 0.0001 0.0033438872481623807 0 1 0.00025 -96
o 6 64 3 x81013 0.0000762939453125 0.0125 1 1 0.00025 -96
